640370836
1444270869
531193176
859495844
459293564
1009684816
1776388486
94732302
255215076
1154398548
1104940907
1418464811
1526144265
630810637
1955752846
516656632
1809738453
841407113
1607191585
751879175
2121907349
1373995580
198909492
830413032
791402715
993188344
1312082839
1504139350
1201782822
1877860867
83851509
1842153658
1174648088
615044685
554165854
1633941652
1624729502
183070692
1728673955
1879944578
1337469240
686131214
1150925741
716129858
1316941851
959194940
1232786490
979196657
1800602053
692494427
1731075832
1775025754
2066490008
1929985325
457955138
710409075
775690021
1770037977
67064778
1977472843
1500415196
150916287
1672142854
527579636
765960973
78825060
14037641
243206827
261895753
1742711596
2123151405
1599364993
281359162
1126593498
168011203
1598301013
2085788438
1400797693
430014022
1738906843
2093292121
13606207
1366448949
2012298481
1943591532
1824404087
575223908
571797905
1446958416
642288686
401787101
799889964
793204974
2073929955
1327469601
1559165947
5271367
1341507242
1802372774
267167120
Ok.
